4294967278,235
4294967278,379
4294967278,409
4294967278,355
4294967278,354
4294967279,232
4294967279,94
4294967279,346
4294967279,93
4294967279,92
4294967279,309
4294967279,78
4294967279,566
4294967279,56
4294967279,53
4294967279,52
4294967279,38
4294967279,24
4294967279,18
4294967279,7
4294967278,407
4294967279,328
4294967279,242
4294967278,328
4294967279,207
4294967279,200
4294967278,194
4294967279,192
4294967279,182
4294967279,166
4294967279,161
4294967278,159
4294967278,158
4294967278,155
4294967278,154
4294967279,152
4294967278,150
4294967278,146
4294967278,145
4294967278,144
4294967278,140
4294967278,139
4294967278,277
4294967278,136
4294967279,135
4294967278,135
4294967279,343
4294967294,1419
4294967279,10
4294967279,9
302,5
302,4
302,3
302,2
302,1
4294967279,174
4294967279,364
4294967294,1090
4294967294,1094
4294967294,1088
4294967278,367
4294967279,552
4294967279,319
300,5
300,4
300,3
300,2
300,1
4294967279,240
298,6
4294967294,477
4294967279,226
4294967279,345
298,5
298,4
298,3
298,2
298,1
4294967278,217
4294967294,395
4294967294,1416
4294967294,399
4294967294,167
4294967294,398
4294967294,404
4294967279,214
4294967278,326
297,5
297,4
297,3
297,2
297,1
4294967279,548
4294967278,381
296,5
296,4
296,3
296,2
296,1
4294967279,543
4294967278,360
4294967278,359
4294967279,311
295,5
295,4
295,3
295,2
295,1
293,4
293,3
293,2
293,1
4294967278,390
4294967278,260
4294967279,91
4294967294,97
4294967294,30
4294967294,1167
4294967294,1166
4294967294,1164
4294967294,1163
4294967294,1158
4294967294,1019
4294967294,992
4294967294,990
4294967294,989
4294967294,988
4294967294,987
4294967294,60
4294967278,133
4294967279,271
4294967278,288
4294967279,265
4294967278,269
4294967279,264
4294967278,268
4294967279,263
4294967278,267
4294967278,281
4294967279,261
4294967278,265
4294967279,275
4294967278,285
4294967278,262
4294967279,255
4294967278,261
4294967279,254
4294967278,278
4294967278,258
4294967279,575
4294967279,574
4294967278,333
4294967278,332
4294967278,368
4294967279,554
4294967278,254
4294967278,329
4294967279,248
4294967279,245
4294967279,243
4294967278,236
4294967279,235
4294967279,208
4294967278,205
4294967278,204
4294967278,203
4294967278,423
4294967278,422
4294967279,363
292,5
292,4
292,3
292,2
292,1
4294967279,362
4294967278,421
290,5
290,4
290,3
290,2
290,1
4294967278,392
4294967279,361
4294967279,573
288,6
4294967279,572
4294967278,298
4294967278,297
288,5
288,4
288,3
288,2
288,1
4294967279,571
4294967294,169
4294967294,397
4294967294,109
4294967294,180
4294967278,296
4294967279,531
287,5
287,4
287,3
287,2
287,1
4294967278,349
4294967279,560
4294967278,292
4294967279,570
286,5
286,4
286,3
286,2
286,1
4294967279,332
285,5
285,4
285,3
285,2
285,1
4294967279,344
0,5
4294967294,17
4294967294,76
4294967278,342
283,4
283,3
283,2
283,1
4294967294,1
4294967294,27
4294967278,263
4294967294,5
4294967279,360
4294967279,521
4294967294,1016
4294967294,36
4294967294,39
4294967294,42
4294967279,359
4294967294,22
4294967294,93
4294967294,95
4294967294,50
4294967294,52
4294967294,25
4294967294,1018
4294967294,26
4294967294,67
4294967294,81
4294967294,1098
4294967294,68
4294967293,131
4294967293,130
4294967293,129
4294967293,128
4294967293,127
4294967293,126
4294967293,125
4294967293,124
4294967293,123
4294967293,122
4294967293,121
4294967293,120
4294967293,119
4294967293,118
4294967293,117
4294967293,116
4294967293,115
4294967293,114
4294967293,113
4294967293,112
4294967293,111
4294967293,110
4294967293,109
4294967293,108
4294967293,107
4294967293,106
4294967293,105
4294967293,104
4294967293,103
4294967293,102
4294967293,101
4294967293,100
4294967293,99
4294967293,98
4294967293,97
4294967293,96
4294967293,95
4294967293,94
4294967293,93
4294967293,92
4294967293,91
4294967293,90
4294967293,89
4294967293,87
4294967293,86
4294967293,85
4294967293,84
4294967293,83
4294967293,82
4294967293,81
4294967293,80
4294967293,79
4294967293,78
4294967293,77
4294967293,76
4294967293,75
4294967293,74
4294967293,73
4294967293,72
4294967293,71
4294967293,70
4294967293,69
4294967293,68
4294967293,67
4294967293,66
4294967293,65
4294967293,64
4294967293,63
4294967293,62
4294967293,61
4294967293,60
4294967293,59
4294967293,58
4294967293,57
4294967293,56
4294967293,55
4294967293,54
4294967293,53
4294967293,52
4294967293,51
4294967293,50
4294967293,49
4294967293,48
4294967293,47
4294967293,46
4294967293,45
4294967293,44
4294967293,43
4294967293,42
4294967293,41
4294967293,40
4294967293,39
4294967293,38
4294967293,37
4294967293,36
4294967293,35
4294967293,34
4294967293,33
4294967293,32
4294967293,31
4294967293,30
4294967293,29
4294967293,28
4294967293,27
4294967293,26
4294967293,25
4294967293,24
4294967293,23
4294967293,22
4294967293,21
4294967293,20
4294967293,19
4294967293,18
4294967293,17
4294967293,16
4294967293,15
4294967293,14
4294967293,13
4294967293,12
4294967293,11
4294967293,10
4294967293,9
4294967293,8
4294967293,7
4294967293,6
4294967293,5
4294967293,4
4294967293,3
4294967278,386
4294967278,356
4294967279,126
4294967279,124
4294967279,123
4294967279,122
4294967279,121
4294967279,120
4294967279,119
4294967279,118
4294967279,117
4294967279,116
4294967279,115
4294967279,114
4294967279,113
4294967279,112
4294967279,111
4294967279,110
4294967279,109
4294967279,108
4294967279,107
4294967279,106
4294967279,105
4294967279,104
4294967279,103
4294967279,102
4294967279,101
4294967279,100
4294967279,99
4294967279,98
4294967279,97
4294967279,96
4294967279,95
4294967279,127
4294967279,358
4294967279,125
280,29
280,0
280,26
280,28
280,27
280,22
280,25
280,24
280,23
280,19
280,21
280,20
280,16
280,18
280,17
280,12
280,15
280,14
280,13
280,10
280,11
280,9
280,5
280,8
4294967278,193
280,7
280,6
4294967278,141
4294967279,138
4294967278,138
4294967279,136
4294967278,334
4294967278,207
4294967278,201
4294967278,200
4294967278,197
4294967279,193
4294967278,192
4294967278,191
4294967278,187
4294967279,186
4294967278,183
4294967279,172
4294967278,171
4294967279,168
4294967278,167
4294967279,167
4294967278,166
4294967278,165
4294967278,164
4294967279,164
4294967278,163
4294967279,163
4294967278,162
4294967278,161
4294967278,160
4294967279,160
4294967279,159
4294967279,158
4294967278,157
4294967279,153
4294967278,153
4294967278,152
4294967278,151
4294967279,149
4294967278,149
4294967279,148
4294967278,148
4294967278,147
4294967278,142
4294967278,420
4294967279,137
4294967294,170
4294967294,997
4294967294,995
4294967278,406
4294967279,285
4294967278,344
4294967279,134
4294967278,134
4294967278,276
4294967279,270
282,5
282,4
282,3
282,2
282,1
4294967278,287
4294967278,271
4294967278,280
4294967278,264
4294967279,257
280,4
280,3
280,2
280,1
4294967279,357
278,6
4294967294,448
4294967294,110
4294967294,189
4294967278,419
